Eje_X_Distancia Banda_1 Banda_2 Banda_3
0.00000000e+00 -7.00000000e-02 3.25700000e+00 3.25700000e+00
2.81126859e-02 -7.01629970e-02 3.25688414e+00 3.25718520e+00
5.62253719e-02 -7.06516134e-02 3.25653689e+00 3.25774019e+00
8.43380578e-02 -7.14647282e-02 3.25595915e+00 3.25866307e+00
1.12450744e-01 -7.26004804e-02 3.25515248e+00 3.25995074e+00
1.40563430e-01 -7.40562804e-02 3.25411901e+00 3.26159882e+00
1.68676116e-01 -7.58288255e-02 3.25286152e+00 3.26360178e+00
1.96788802e-01 -7.79141193e-02 3.25138337e+00 3.26595284e+00
2.24901488e-01 -8.03074954e-02 3.24968851e+00 3.26864410e+00
2.53014173e-01 -8.30036442e-02 3.24778150e+00 3.27166652e+00
2.81126859e-01 -8.59966431e-02 3.24566748e+00 3.27500998e+00
3.09239545e-01 -8.92799896e-02 3.24335216e+00 3.27866331e+00
3.37352231e-01 -9.28466369e-02 3.24084182e+00 3.28261434e+00
3.65464917e-01 -9.66890313e-02 3.23814329e+00 3.28684993e+00
3.93577603e-01 -1.00799152e-01 3.23526394e+00 3.29135604e+00
4.21690289e-01 -1.05168550e-01 3.23221168e+00 3.29611780e+00
4.49802975e-01 -1.09788392e-01 3.22899493e+00 3.30111952e+00
4.77915661e-01 -1.14649499e-01 3.22562262e+00 3.30634477e+00
5.06028347e-01 -1.19742392e-01 3.22210413e+00 3.31177643e+00
5.34141033e-01 -1.25057329e-01 3.21844935e+00 3.31739678e+00
5.62253719e-01 -1.30584346e-01 3.21466860e+00 3.32318748e+00
5.90366405e-01 -1.36313302e-01 3.21077263e+00 3.32912973e+00
6.18479091e-01 -1.42233909e-01 3.20677258e+00 3.33520423e+00
6.46591777e-01 -1.48335775e-01 3.20268002e+00 3.34139130e+00
6.74704463e-01 -1.54608434e-01 3.19850685e+00 3.34767092e+00
7.02817148e-01 -1.61041380e-01 3.19426531e+00 3.35402276e+00
7.30929834e-01 -1.67624099e-01 3.18996799e+00 3.36042628e+00
7.59042520e-01 -1.74346094e-01 3.18562772e+00 3.36686074e+00
7.87155206e-01 -1.81196911e-01 3.18125764e+00 3.37330525e+00
8.15267892e-01 -1.88166161e-01 3.17687110e+00 3.37973886e+00
8.43380578e-01 -1.95243541e-01 3.17248167e+00 3.38614055e+00
8.71493264e-01 -2.02418852e-01 3.16810309e+00 3.39248934e+00
8.99605950e-01 -2.09682008e-01 3.16374925e+00 3.39876426e+00
9.27718636e-01 -2.17023054e-01 3.15943416e+00 3.40494444e+00
9.55831322e-01 -2.24432174e-01 3.15517190e+00 3.41100914e+00
9.83944008e-01 -2.31899695e-01 3.15097664e+00 3.41693778e+00
1.01205669e+00 -2.39416092e-01 3.14686252e+00 3.42270998e+00
1.04016938e+00 -2.46971992e-01 3.14284370e+00 3.42830557e+00
1.06828207e+00 -2.54558173e-01 3.13893428e+00 3.43370468e+00
1.09639475e+00 -2.62165557e-01 3.13514829e+00 3.43888769e+00
1.12450744e+00 -2.69785215e-01 3.13149962e+00 3.44383533e+00
1.15262012e+00 -2.77408351e-01 3.12800202e+00 3.44852866e+00
1.18073281e+00 -2.85026303e-01 3.12466906e+00 3.45294911e+00
1.20884550e+00 -2.92630527e-01 3.12151407e+00 3.45707852e+00
1.23695818e+00 -3.00212592e-01 3.11855014e+00 3.46089912e+00
1.26507087e+00 -3.07764165e-01 3.11579006e+00 3.46439360e+00
1.29318355e+00 -3.15277003e-01 3.11324629e+00 3.46754509e+00
1.32129624e+00 -3.22742936e-01 3.11093094e+00 3.47033721e+00
1.34940893e+00 -3.30153857e-01 3.10885572e+00 3.47275405e+00
1.37752161e+00 -3.37501706e-01 3.10703191e+00 3.47478024e+00
1.40563430e+00 -3.44778461e-01 3.10547035e+00 3.47640092e+00
1.43374698e+00 -3.51976119e-01 3.10418135e+00 3.47760174e+00
1.46185967e+00 -3.59086687e-01 3.10317476e+00 3.47836896e+00
1.48997235e+00 -3.66102168e-01 3.10245982e+00 3.47868937e+00
1.51808504e+00 -3.73014546e-01 3.10204524e+00 3.47855035e+00
1.54619773e+00 -3.79815782e-01 3.10193909e+00 3.47793988e+00
1.57431041e+00 -3.86497797e-01 3.10214882e+00 3.47684655e+00
1.60242310e+00 -3.93052465e-01 3.10268123e+00 3.47525956e+00
1.63053578e+00 -3.99471604e-01 3.10354242e+00 3.47316876e+00
1.65864847e+00 -4.05746970e-01 3.10473779e+00 3.47056466e+00
1.68676116e+00 -4.11870254e-01 3.10627200e+00 3.46743842e+00
1.71487384e+00 -4.17833071e-01 3.10814894e+00 3.46378192e+00
1.74298653e+00 -4.23626964e-01 3.11037171e+00 3.45958774e+00
1.77109921e+00 -4.29243401e-01 3.11294261e+00 3.45484918e+00
1.79921190e+00 -4.34673774e-01 3.11586304e+00 3.44956035e+00
1.82732459e+00 -4.39909402e-01 3.11913353e+00 3.44371616e+00
1.85543727e+00 -4.44941539e-01 3.12275364e+00 3.43731241e+00
1.88354996e+00 -4.49761372e-01 3.12672188e+00 3.43034584e+00
1.91166264e+00 -4.54360037e-01 3.13103566e+00 3.42281425e+00
1.93977533e+00 -4.58728620e-01 3.13569110e+00 3.41471664e+00
1.96788802e+00 -4.62858175e-01 3.14068286e+00 3.40605342e+00
1.99600070e+00 -4.66739730e-01 3.14600381e+00 3.39682672e+00
2.02411339e+00 -4.70364306e-01 3.15164462e+00 3.38704086e+00
2.05222607e+00 -4.73722930e-01 3.15759298e+00 3.37670307e+00
2.08033876e+00 -4.76806652e-01 3.16383247e+00 3.36582472e+00
2.10845145e+00 -4.79606564e-01 3.17034048e+00 3.35442335e+00
2.13656413e+00 -4.82113818e-01 3.17708463e+00 3.34252629e+00
2.16467682e+00 -4.84319652e-01 3.18401585e+00 3.33017760e+00
2.19278950e+00 -4.86215403e-01 3.19105448e+00 3.31745199e+00
2.22090219e+00 -4.87792542e-01 3.19805970e+00 3.30448543e+00
2.24901488e+00 -4.89042689e-01 3.20475659e+00 3.29154803e+00
2.27712756e+00 -4.89957641e-01 3.21055038e+00 3.27922992e+00
2.30524025e+00 -4.90529401e-01 3.21408723e+00 3.26888045e+00
2.33335293e+00 -4.90750203e-01 3.21286208e+00 3.26300035e+00
2.36146562e+00 -4.90612538e-01 3.20517358e+00 3.26328684e+00
2.38957830e+00 -4.90109187e-01 3.19256998e+00 3.26818775e+00
2.41769099e+00 -4.89233249e-01 3.17722764e+00 3.27552308e+00
2.44580368e+00 -4.87978168e-01 3.16030382e+00 3.28413219e+00
2.47391636e+00 -4.86337768e-01 3.14231536e+00 3.29349518e+00
2.50202905e+00 -4.84306280e-01 3.12350765e+00 3.30336391e+00
2.53014173e+00 -4.81878380e-01 3.10401084e+00 3.31360590e+00
2.55825442e+00 -4.79049213e-01 3.08390218e+00 3.32414192e+00
2.58636711e+00 -4.75814436e-01 3.06323271e+00 3.33491939e+00
2.61447979e+00 -4.72170240e-01 3.04203962e+00 3.34590006e+00
2.64259248e+00 -4.68113395e-01 3.02035242e+00 3.35705384e+00
2.67070516e+00 -4.63641277e-01 2.99819625e+00 3.36835554e+00
2.69881785e+00 -4.58751907e-01 2.97559377e+00 3.37978302e+00
2.72693054e+00 -4.53443987e-01 2.95256624e+00 3.39131609e+00
2.75504322e+00 -4.47716933e-01 2.92913425e+00 3.40293592e+00
2.78315591e+00 -4.41570917e-01 2.90531814e+00 3.41462457e+00
2.81126859e+00 -4.35006903e-01 2.88113831e+00 3.42636475e+00
2.83938128e+00 -4.28026685e-01 2.85661540e+00 3.43813964e+00
2.86749397e+00 -4.20632930e-01 2.83177047e+00 3.44993282e+00
2.89560665e+00 -4.12829217e-01 2.80662509e+00 3.46172816e+00
2.92371934e+00 -4.04620078e-01 2.78120146e+00 3.47350978e+00
2.95183202e+00 -3.96011045e-01 2.75552240e+00 3.48526205e+00
2.97994471e+00 -3.87008692e-01 2.72961150e+00 3.49696955e+00
3.00805740e+00 -3.77620680e-01 2.70349312e+00 3.50861707e+00
3.03617008e+00 -3.67855809e-01 2.67719243e+00 3.52018962e+00
3.06428277e+00 -3.57724061e-01 2.65073546e+00 3.53167245e+00
3.09239545e+00 -3.47236654e-01 2.62414918e+00 3.54305101e+00
3.12050814e+00 -3.36406092e-01 2.59746148e+00 3.55431102e+00
3.14862083e+00 -3.25246219e-01 2.57070122e+00 3.56543845e+00
3.17673351e+00 -3.13772272e-01 2.54389832e+00 3.57641953e+00
3.20484620e+00 -3.02000935e-01 2.51708374e+00 3.58724078e+00
3.23295888e+00 -2.89950399e-01 2.49028954e+00 3.59788903e+00
3.26107157e+00 -2.77640413e-01 2.46354894e+00 3.60835143e+00
3.28918425e+00 -2.65092345e-01 2.43689634e+00 3.61861545e+00
3.31729694e+00 -2.52329232e-01 2.41036733e+00 3.62866894e+00
3.34540963e+00 -2.39375837e-01 2.38399881e+00 3.63850008e+00
3.37352231e+00 -2.26258700e-01 2.35782893e+00 3.64809746e+00
3.40163500e+00 -2.13006182e-01 2.33189718e+00 3.65745008e+00
3.42974768e+00 -1.99648508e-01 2.30624439e+00 3.66654734e+00
3.45786037e+00 -1.86217801e-01 2.28091277e+00 3.67537908e+00
3.48597306e+00 -1.72748102e-01 2.25594588e+00 3.68393560e+00
3.51408574e+00 -1.59275385e-01 2.23138867e+00 3.69220765e+00
3.54219843e+00 -1.45837551e-01 2.20728741e+00 3.70018649e+00
3.57031111e+00 -1.32474401e-01 2.18368971e+00 3.70786386e+00
3.59842380e+00 -1.19227596e-01 2.16064441e+00 3.71523202e+00
3.62653649e+00 -1.06140573e-01 2.13820150e+00 3.72228376e+00
3.65464917e+00 -9.32584476e-02 2.11641202e+00 3.72901242e+00
3.68276186e+00 -8.06278652e-02 2.09532790e+00 3.73541191e+00
3.71087454e+00 -6.82968173e-02 2.07500171e+00 3.74147669e+00
3.73898723e+00 -5.63144107e-02 2.05548651e+00 3.74720185e+00
3.76709992e+00 -4.47305856e-02 2.03683544e+00 3.75258305e+00
3.79521260e+00 -3.35957802e-02 2.01910149e+00 3.75761659e+00
3.82332529e+00 -2.29605407e-02 2.00233698e+00 3.76229942e+00
3.85143797e+00 -1.28750754e-02 1.98659321e+00 3.76662912e+00
3.87955066e+00 -3.38875576e-03 1.97191987e+00 3.77060393e+00
3.90766335e+00 5.45043052e-03 1.95836451e+00 3.77422280e+00
3.93577603e+00 1.35964665e-02 1.94597192e+00 3.77748535e+00
3.96388872e+00 2.10059213e-02 1.93478356e+00 3.78039191e+00
3.99200140e+00 2.76385801e-02 1.92483685e+00 3.78294356e+00
4.02011409e+00 3.34580691e-02 1.91616455e+00 3.78514208e+00
4.04822678e+00 3.84324580e-02 1.90879417e+00 3.78699003e+00
4.07633946e+00 4.25348160e-02 1.90274739e+00 3.78849073e+00
4.10445215e+00 4.57437016e-02 1.89803954e+00 3.78964826e+00
4.13256483e+00 4.80435640e-02 1.89467922e+00 3.79046753e+00
4.16067752e+00 4.94250394e-02 1.89266794e+00 3.79095423e+00
4.18879020e+00 4.98851278e-02 1.89200000e+00 3.79111487e+00
4.18879020e+00 4.98851278e-02 1.89200000e+00 3.79111487e+00
4.20284655e+00 4.97704692e-02 1.89216600e+00 3.79107519e+00
4.21690289e+00 4.94272418e-02 1.89266238e+00 3.79095682e+00
4.23095923e+00 4.88568606e-02 1.89348640e+00 3.79076081e+00
4.24501558e+00 4.80611241e-02 1.89463484e+00 3.79048826e+00
4.25907192e+00 4.70422050e-02 1.89610409e+00 3.79014034e+00
4.27312826e+00 4.58026388e-02 1.89789010e+00 3.78971826e+00
4.28718461e+00 4.43453111e-02 1.89998840e+00 3.78922329e+00
4.30124095e+00 4.26734435e-02 1.90239415e+00 3.78865674e+00
4.31529729e+00 4.07905777e-02 1.90510212e+00 3.78802000e+00
4.32935363e+00 3.87005588e-02 1.90810672e+00 3.78731450e+00
4.34340998e+00 3.64075178e-02 1.91140201e+00 3.78654173e+00
4.35746632e+00 3.39158527e-02 1.91498174e+00 3.78570324e+00
4.37152266e+00 3.12302091e-02 1.91883933e+00 3.78480062e+00
4.38557901e+00 2.83554609e-02 1.92296793e+00 3.78383553e+00
4.39963535e+00 2.52966898e-02 1.92736043e+00 3.78280970e+00
4.41369169e+00 2.20591655e-02 1.93200944e+00 3.78172488e+00
4.42774804e+00 1.86483252e-02 1.93690739e+00 3.78058291e+00
4.44180438e+00 1.50697537e-02 1.94204646e+00 3.77938567e+00
4.45586072e+00 1.13291637e-02 1.94741867e+00 3.77813510e+00
4.46991706e+00 7.43237629e-03 1.95301586e+00 3.77683320e+00
4.48397341e+00 3.38530238e-03 1.95882974e+00 3.77548203e+00
4.49802975e+00 -8.06075751e-04 1.96485186e+00 3.77408368e+00
4.51208609e+00 -5.13572187e-03 1.97107369e+00 3.77264033e+00
4.52614244e+00 -9.59756257e-03 1.97748659e+00 3.77115420e+00
4.54019878e+00 -1.41855032e-02 1.98408183e+00 3.76962756e+00
4.55425512e+00 -1.88934432e-02 1.99085065e+00 3.76806275e+00
4.56831146e+00 -2.37152899e-02 1.99778420e+00 3.76646215e+00
4.58236781e+00 -2.86449721e-02 2.00487365e+00 3.76482820e+00
4.59642415e+00 -3.36764527e-02 2.01211009e+00 3.76316338e+00
4.61048049e+00 -3.88037399e-02 2.01948466e+00 3.76147024e+00
4.62453684e+00 -4.40208977e-02 2.02698846e+00 3.75975138e+00
4.63859318e+00 -4.93220560e-02 2.03461263e+00 3.75800943e+00
4.65264952e+00 -5.47014194e-02 2.04234832e+00 3.75624708e+00
4.66670587e+00 -6.01532748e-02 2.05018673e+00 3.75446707e+00
4.68076221e+00 -6.56719991e-02 2.05811910e+00 3.75267218e+00
4.69481855e+00 -7.12520654e-02 2.06613671e+00 3.75086524e+00
4.70887489e+00 -7.68880488e-02 2.07423092e+00 3.74904911e+00
4.72293124e+00 -8.25746313e-02 2.08239315e+00 3.74722669e+00
4.73698758e+00 -8.83066062e-02 2.09061488e+00 3.74540092e+00
4.75104392e+00 -9.40788818e-02 2.09888768e+00 3.74357478e+00
4.76510027e+00 -9.98864846e-02 2.10720322e+00 3.74175127e+00
4.77915661e+00 -1.05724562e-01 2.11555325e+00 3.73993343e+00
4.79321295e+00 -1.11588383e-01 2.12392962e+00 3.73812432e+00
4.80726930e+00 -1.17473343e-01 2.13232427e+00 3.73632701e+00
4.82132564e+00 -1.23374962e-01 2.14072927e+00 3.73454460e+00
4.83538198e+00 -1.29288887e-01 2.14913678e+00 3.73278021e+00
4.84943832e+00 -1.35210891e-01 2.15753911e+00 3.73103695e+00
4.86349467e+00 -1.41136874e-01 2.16592866e+00 3.72931795e+00
4.87755101e+00 -1.47062864e-01 2.17429798e+00 3.72762633e+00
4.89160735e+00 -1.52985015e-01 2.18263973e+00 3.72596522e+00
4.90566370e+00 -1.58899606e-01 2.19094672e+00 3.72433771e+00
4.91972004e+00 -1.64803042e-01 2.19921191e+00 3.72274692e+00
4.93377638e+00 -1.70691851e-01 2.20742838e+00 3.72119589e+00
4.94783273e+00 -1.76562684e-01 2.21558940e+00 3.71968769e+00
4.96188907e+00 -1.82412313e-01 2.22368837e+00 3.71822531e+00
4.97594541e+00 -1.88237628e-01 2.23171885e+00 3.71681172e+00
4.99000175e+00 -1.94035641e-01 2.23967457e+00 3.71544984e+00
5.00405810e+00 -1.99803475e-01 2.24754945e+00 3.71414253e+00
5.01811444e+00 -2.05538372e-01 2.25533758e+00 3.71289258e+00
5.03217078e+00 -2.11237683e-01 2.26303322e+00 3.71170273e+00
5.04622713e+00 -2.16898872e-01 2.27063084e+00 3.71057562e+00
5.06028347e+00 -2.22519510e-01 2.27812509e+00 3.70951381e+00
5.07433981e+00 -2.28097275e-01 2.28551083e+00 3.70851977e+00
5.08839615e+00 -2.33629950e-01 2.29278313e+00 3.70759588e+00
5.10245250e+00 -2.39115418e-01 2.29993728e+00 3.70674437e+00
5.11650884e+00 -2.44551665e-01 2.30696877e+00 3.70596740e+00
5.13056518e+00 -2.49936774e-01 2.31387333e+00 3.70526697e+00
5.14462153e+00 -2.55268923e-01 2.32064692e+00 3.70464496e+00
5.15867787e+00 -2.60546384e-01 2.32728574e+00 3.70410311e+00
5.17273421e+00 -2.65767521e-01 2.33378622e+00 3.70364300e+00
5.18679056e+00 -2.70930787e-01 2.34014505e+00 3.70326607e+00
5.20084690e+00 -2.76034723e-01 2.34635916e+00 3.70297358e+00
5.21490324e+00 -2.81077955e-01 2.35242576e+00 3.70276664e+00
5.22895958e+00 -2.86059190e-01 2.35834228e+00 3.70264617e+00
5.24301593e+00 -2.90977220e-01 2.36410645e+00 3.70261293e+00
5.25707227e+00 -2.95830911e-01 2.36971625e+00 3.70266746e+00
5.27112861e+00 -3.00619210e-01 2.37516993e+00 3.70281014e+00
5.28518496e+00 -3.05341136e-01 2.38046600e+00 3.70304116e+00
5.29924130e+00 -3.09995782e-01 2.38560326e+00 3.70336050e+00
5.31329764e+00 -3.14582310e-01 2.39058078e+00 3.70376794e+00
5.32735399e+00 -3.19099953e-01 2.39539787e+00 3.70426307e+00
5.34141033e+00 -3.23548008e-01 2.40005415e+00 3.70484528e+00
5.35546667e+00 -3.27925838e-01 2.40454948e+00 3.70551376e+00
5.36952301e+00 -3.32232869e-01 2.40888400e+00 3.70626749e+00
5.38357936e+00 -3.36468587e-01 2.41305809e+00 3.70710527e+00
5.39763570e+00 -3.40632537e-01 2.41707241e+00 3.70802570e+00
5.41169204e+00 -3.44724320e-01 2.42092787e+00 3.70902717e+00
5.42574839e+00 -3.48743594e-01 2.42462561e+00 3.71010791e+00
5.43980473e+00 -3.52690067e-01 2.42816701e+00 3.71126594e+00
5.45386107e+00 -3.56563501e-01 2.43155371e+00 3.71249914e+00
5.46791741e+00 -3.60363706e-01 2.43478753e+00 3.71380518e+00
5.48197376e+00 -3.64090539e-01 2.43787054e+00 3.71518159e+00
5.49603010e+00 -3.67743904e-01 2.44080500e+00 3.71662572e+00
5.51008644e+00 -3.71323748e-01 2.44359338e+00 3.71813480e+00
5.52414279e+00 -3.74830058e-01 2.44623831e+00 3.71970590e+00
5.53819913e+00 -3.78262865e-01 2.44874264e+00 3.72133595e+00
5.55225547e+00 -3.81622236e-01 2.45110935e+00 3.72302179e+00
5.56631182e+00 -3.84908274e-01 2.45334157e+00 3.72476010e+00
5.58036816e+00 -3.88121118e-01 2.45544261e+00 3.72654750e+00
5.59442450e+00 -3.91260941e-01 2.45741587e+00 3.72838048e+00
5.60848084e+00 -3.94327945e-01 2.45926489e+00 3.73025547e+00
5.62253719e+00 -3.97322363e-01 2.46099333e+00 3.73216882e+00
5.63659353e+00 -4.00244456e-01 2.46260491e+00 3.73411680e+00
5.65064987e+00 -4.03094509e-01 2.46410348e+00 3.73609565e+00
5.66470622e+00 -4.05872835e-01 2.46549293e+00 3.73810155e+00
5.67876256e+00 -4.08579766e-01 2.46677722e+00 3.74013064e+00
5.69281890e+00 -4.11215658e-01 2.46796036e+00 3.74217906e+00
5.70687525e+00 -4.13780885e-01 2.46904641e+00 3.74424291e+00
5.72093159e+00 -4.16275839e-01 2.47003945e+00 3.74631829e+00
5.73498793e+00 -4.18700928e-01 2.47094357e+00 3.74840130e+00
5.74904427e+00 -4.21056574e-01 2.47176289e+00 3.75048806e+00
5.76310062e+00 -4.23343213e-01 2.47250150e+00 3.75257470e+00
5.77715696e+00 -4.25561291e-01 2.47316350e+00 3.75465739e+00
5.79121330e+00 -4.27711265e-01 2.47375297e+00 3.75673231e+00
5.80526965e+00 -4.29793599e-01 2.47427394e+00 3.75879571e+00
5.81932599e+00 -4.31808765e-01 2.47473044e+00 3.76084387e+00
5.83338233e+00 -4.33757239e-01 2.47512641e+00 3.76287312e+00
5.84743868e+00 -4.35639500e-01 2.47546578e+00 3.76487988e+00
5.86149502e+00 -4.37456031e-01 2.47575238e+00 3.76686061e+00
5.87555136e+00 -4.39207314e-01 2.47599000e+00 3.76881186e+00
5.88960770e+00 -4.40893831e-01 2.47618235e+00 3.77073023e+00
5.90366405e+00 -4.42516063e-01 2.47633306e+00 3.77261244e+00
5.91772039e+00 -4.44074485e-01 2.47644567e+00 3.77445527e+00
5.93177673e+00 -4.45569570e-01 2.47652364e+00 3.77625560e+00
5.94583308e+00 -4.47001783e-01 2.47657032e+00 3.77801040e+00
5.95988942e+00 -4.48371582e-01 2.47658898e+00 3.77971674e+00
5.97394576e+00 -4.49679417e-01 2.47658276e+00 3.78137180e+00
5.98800210e+00 -4.50925728e-01 2.47655471e+00 3.78297285e+00
6.00205845e+00 -4.52110943e-01 2.47650777e+00 3.78451727e+00
6.01611479e+00 -4.53235479e-01 2.47644474e+00 3.78600256e+00
6.03017113e+00 -4.54299741e-01 2.47636833e+00 3.78742632e+00
6.04422748e+00 -4.55304117e-01 2.47628111e+00 3.78878626e+00
6.05828382e+00 -4.56248982e-01 2.47618553e+00 3.79008023e+00
6.07234016e+00 -4.57134695e-01 2.47608391e+00 3.79130616e+00
6.08639651e+00 -4.57961595e-01 2.47597843e+00 3.79246212e+00
6.10045285e+00 -4.58730007e-01 2.47587117e+00 3.79354630e+00
6.11450919e+00 -4.59440235e-01 2.47576404e+00 3.79455701e+00
6.12856553e+00 -4.60092565e-01 2.47565884e+00 3.79549268e+00
6.14262188e+00 -4.60687261e-01 2.47555721e+00 3.79635185e+00
6.15667822e+00 -4.61224567e-01 2.47546067e+00 3.79713321e+00
6.17073456e+00 -4.61704706e-01 2.47537058e+00 3.79783556e+00
6.18479091e+00 -4.62127879e-01 2.47528819e+00 3.79845781e+00
6.19884725e+00 -4.62494265e-01 2.47521458e+00 3.79899902e+00
6.21290359e+00 -4.62804018e-01 2.47515068e+00 3.79945836e+00
6.22695994e+00 -4.63057271e-01 2.47509731e+00 3.79983514e+00
6.24101628e+00 -4.63254132e-01 2.47505512e+00 3.80012879e+00
6.25507262e+00 -4.63394687e-01 2.47502462e+00 3.80033885e+00
6.26912896e+00 -4.63478995e-01 2.47500617e+00 3.80046502e+00
6.28318531e+00 -4.63507094e-01 2.47500000e+00 3.80050709e+00
6.28318531e+00 -4.63507094e-01 2.47500000e+00 3.80050709e+00
6.30753161e+00 -4.63524632e-01 2.47508691e+00 3.80050796e+00
6.33187791e+00 -4.63577163e-01 2.47534759e+00 3.80051049e+00
6.35622421e+00 -4.63664441e-01 2.47578194e+00 3.80051445e+00
6.38057051e+00 -4.63786057e-01 2.47638975e+00 3.80051948e+00
6.40491681e+00 -4.63941438e-01 2.47717076e+00 3.80052505e+00
6.42926311e+00 -4.64129851e-01 2.47812462e+00 3.80053050e+00
6.45360941e+00 -4.64350402e-01 2.47925091e+00 3.80053501e+00
6.47795571e+00 -4.64602040e-01 2.48054912e+00 3.80053763e+00
6.50230201e+00 -4.64883559e-01 2.48201868e+00 3.80053726e+00
6.52664831e+00 -4.65193598e-01 2.48365893e+00 3.80053268e+00
6.55099461e+00 -4.65530648e-01 2.48546916e+00 3.80052250e+00
6.57534091e+00 -4.65893051e-01 2.48744854e+00 3.80050522e+00
6.59968721e+00 -4.66279008e-01 2.48959620e+00 3.80047923e+00
6.62403351e+00 -4.66686580e-01 2.49191119e+00 3.80044274e+00
6.64837981e+00 -4.67113692e-01 2.49439248e+00 3.80039391e+00
6.67272611e+00 -4.67558137e-01 2.49703897e+00 3.80033071e+00
6.69707241e+00 -4.68017583e-01 2.49984947e+00 3.80025106e+00
6.72141871e+00 -4.68489578e-01 2.50282274e+00 3.80015274e+00
6.74576501e+00 -4.68971551e-01 2.50595745e+00 3.80003342e+00
6.77011131e+00 -4.69460821e-01 2.50925222e+00 3.79989070e+00
6.79445761e+00 -4.69954602e-01 2.51270558e+00 3.79972207e+00
6.81880391e+00 -4.70450008e-01 2.51631600e+00 3.79952494e+00
6.84315021e+00 -4.70944059e-01 2.52008186e+00 3.79929664e+00
6.86749651e+00 -4.71433687e-01 2.52400149e+00 3.79903442e+00
6.89184281e+00 -4.71915743e-01 2.52807316e+00 3.79873547e+00
6.91618911e+00 -4.72387003e-01 2.53229505e+00 3.79839690e+00
6.94053541e+00 -4.72844175e-01 2.53666529e+00 3.79801580e+00
6.96488171e+00 -4.73283902e-01 2.54118192e+00 3.79758916e+00
6.98922801e+00 -4.73702775e-01 2.54584296e+00 3.79711397e+00
7.01357431e+00 -4.74097334e-01 2.55064631e+00 3.79658717e+00
7.03792061e+00 -4.74464077e-01 2.55558985e+00 3.79600567e+00
7.06226691e+00 -4.74799469e-01 2.56067139e+00 3.79536634e+00
7.08661321e+00 -4.75099946e-01 2.56588865e+00 3.79466606e+00
7.11095951e+00 -4.75361920e-01 2.57123932e+00 3.79390169e+00
7.13530581e+00 -4.75581792e-01 2.57672103e+00 3.79307009e+00
7.15965211e+00 -4.75755954e-01 2.58233134e+00 3.79216810e+00
7.18399841e+00 -4.75880799e-01 2.58806774e+00 3.79119261e+00
7.20834471e+00 -4.75952723e-01 2.59392770e+00 3.79014050e+00
7.23269101e+00 -4.75968138e-01 2.59990860e+00 3.78900869e+00
7.25703731e+00 -4.75923475e-01 2.60600780e+00 3.78779410e+00
7.28138362e+00 -4.75815193e-01 2.61222257e+00 3.78649373e+00
7.30572992e+00 -4.75639781e-01 2.61855015e+00 3.78510459e+00
7.33007622e+00 -4.75393772e-01 2.62498774e+00 3.78362374e+00
7.35442252e+00 -4.75073742e-01 2.63153247e+00 3.78204833e+00
7.37876882e+00 -4.74676324e-01 2.63818142e+00 3.78037554e+00
7.40311512e+00 -4.74198206e-01 2.64493165e+00 3.77860262e+00
7.42746142e+00 -4.73636146e-01 2.65178016e+00 3.77672691e+00
7.45180772e+00 -4.72986970e-01 2.65872389e+00 3.77474581e+00
7.47615402e+00 -4.72247585e-01 2.66575977e+00 3.77265684e+00
7.50050032e+00 -4.71414979e-01 2.67288466e+00 3.77045756e+00
7.52484662e+00 -4.70486233e-01 2.68009540e+00 3.76814568e+00
7.54919292e+00 -4.69458521e-01 2.68738878e+00 3.76571899e+00
7.57353922e+00 -4.68329120e-01 2.69476156e+00 3.76317537e+00
7.59788552e+00 -4.67095411e-01 2.70221046e+00 3.76051284e+00
7.62223182e+00 -4.65754889e-01 2.70973218e+00 3.75772953e+00
7.64657812e+00 -4.64305165e-01 2.71732336e+00 3.75482370e+00
7.67092442e+00 -4.62743975e-01 2.72498063e+00 3.75179373e+00
7.69527072e+00 -4.61069178e-01 2.73270060e+00 3.74863812e+00
7.71961702e+00 -4.59278769e-01 2.74047982e+00 3.74535553e+00
7.74396332e+00 -4.57370876e-01 2.74831484e+00 3.74194476e+00
7.76830962e+00 -4.55343772e-01 2.75620217e+00 3.73840474e+00
7.79265592e+00 -4.53195873e-01 2.76413832e+00 3.73473456e+00
7.81700222e+00 -4.50925747e-01 2.77211974e+00 3.73093347e+00
7.84134852e+00 -4.48532113e-01 2.78014290e+00 3.72700087e+00
7.86569482e+00 -4.46013853e-01 2.78820423e+00 3.72293632e+00
7.89004112e+00 -4.43370006e-01 2.79630014e+00 3.71873954e+00
7.91438742e+00 -4.40599779e-01 2.80442703e+00 3.71441045e+00
7.93873372e+00 -4.37702549e-01 2.81258130e+00 3.70994910e+00
7.96308002e+00 -4.34677864e-01 2.82075931e+00 3.70535575e+00
7.98742632e+00 -4.31525448e-01 2.82895743e+00 3.70063080e+00
8.01177262e+00 -4.28245204e-01 2.83717202e+00 3.69577487e+00
8.03611892e+00 -4.24837218e-01 2.84539943e+00 3.69078873e+00
8.06046522e+00 -4.21301759e-01 2.85363599e+00 3.68567337e+00
8.08481152e+00 -4.17639285e-01 2.86187805e+00 3.68042994e+00
8.10915782e+00 -4.13850442e-01 2.87012195e+00 3.67505979e+00
8.13350412e+00 -4.09936069e-01 2.87836401e+00 3.66956446e+00
8.15785042e+00 -4.05897200e-01 2.88660057e+00 3.66394568e+00
8.18219672e+00 -4.01735063e-01 2.89482798e+00 3.65820540e+00
8.20654302e+00 -3.97451087e-01 2.90304257e+00 3.65234574e+00
8.23088932e+00 -3.93046898e-01 2.91124069e+00 3.64636902e+00
8.25523562e+00 -3.88524325e-01 2.91941870e+00 3.64027777e+00
8.27958192e+00 -3.83885397e-01 2.92757297e+00 3.63407472e+00
8.30392822e+00 -3.79132348e-01 2.93569986e+00 3.62776281e+00
8.32827452e+00 -3.74267617e-01 2.94379577e+00 3.62134515e+00
8.35262082e+00 -3.69293846e-01 2.95185710e+00 3.61482509e+00
8.37696712e+00 -3.64213883e-01 2.95988026e+00 3.60820616e+00
8.40131342e+00 -3.59030783e-01 2.96786168e+00 3.60149210e+00
8.42565972e+00 -3.53747803e-01 2.97579783e+00 3.59468684e+00
8.45000602e+00 -3.48368409e-01 2.98368516e+00 3.58779453e+00
8.47435232e+00 -3.42896269e-01 2.99152018e+00 3.58081951e+00
8.49869862e+00 -3.37335256e-01 2.99929940e+00 3.57376632e+00
8.52304492e+00 -3.31689445e-01 3.00701937e+00 3.56663969e+00
8.54739122e+00 -3.25963114e-01 3.01467664e+00 3.55944458e+00
8.57173753e+00 -3.20160739e-01 3.02226782e+00 3.55218609e+00
8.59608383e+00 -3.14286995e-01 3.02978954e+00 3.54486957e+00
8.62043013e+00 -3.08346752e-01 3.03723844e+00 3.53750050e+00
8.64477643e+00 -3.02345072e-01 3.04461122e+00 3.53008461e+00
8.66912273e+00 -2.96287207e-01 3.05190460e+00 3.52262776e+00
8.69346903e+00 -2.90178597e-01 3.05911534e+00 3.51513601e+00
8.71781533e+00 -2.84024863e-01 3.06624023e+00 3.50761561e+00
8.74216163e+00 -2.77831803e-01 3.07327611e+00 3.50007296e+00
8.76650793e+00 -2.71605392e-01 3.08021984e+00 3.49251463e+00
8.79085423e+00 -2.65351771e-01 3.08706835e+00 3.48494736e+00
8.81520053e+00 -2.59077244e-01 3.09381858e+00 3.47737803e+00
8.83954683e+00 -2.52788274e-01 3.10046753e+00 3.46981368e+00
8.86389313e+00 -2.46491471e-01 3.10701226e+00 3.46226150e+00
8.88823943e+00 -2.40193592e-01 3.11344985e+00 3.45472879e+00
8.91258573e+00 -2.33901528e-01 3.11977743e+00 3.44722299e+00
8.93693203e+00 -2.27622296e-01 3.12599220e+00 3.43975167e+00
8.96127833e+00 -2.21363034e-01 3.13209140e+00 3.43232249e+00
8.98562463e+00 -2.15130989e-01 3.13807230e+00 3.42494321e+00
9.00997093e+00 -2.08933509e-01 3.14393226e+00 3.41762169e+00
9.03431723e+00 -2.02778028e-01 3.14966866e+00 3.41036588e+00
9.05866353e+00 -1.96672060e-01 3.15527897e+00 3.40318377e+00
9.08300983e+00 -1.90623188e-01 3.16076068e+00 3.39608342e+00
9.10735613e+00 -1.84639045e-01 3.16611135e+00 3.38907293e+00
9.13170243e+00 -1.78727309e-01 3.17132861e+00 3.38216044e+00
9.15604873e+00 -1.72895685e-01 3.17641015e+00 3.37535410e+00
9.18039503e+00 -1.67151890e-01 3.18135369e+00 3.36866205e+00
9.20474133e+00 -1.61503643e-01 3.18615704e+00 3.36209245e+00
9.22908763e+00 -1.55958648e-01 3.19081808e+00 3.35565339e+00
9.25343393e+00 -1.50524576e-01 3.19533471e+00 3.34935296e+00
9.27778023e+00 -1.45209051e-01 3.19970495e+00 3.34319915e+00
9.30212653e+00 -1.40019633e-01 3.20392684e+00 3.33719991e+00
9.32647283e+00 -1.34963803e-01 3.20799851e+00 3.33136307e+00
9.35081913e+00 -1.30048942e-01 3.21191814e+00 3.32569636e+00
9.37516543e+00 -1.25282317e-01 3.21568400e+00 3.32020738e+00
9.39951173e+00 -1.20671058e-01 3.21929442e+00 3.31490359e+00
9.42385803e+00 -1.16222147e-01 3.22274778e+00 3.30979227e+00
9.44820433e+00 -1.11942396e-01 3.22604255e+00 3.30488053e+00
9.47255063e+00 -1.07838427e-01 3.22917726e+00 3.30017527e+00
9.49689693e+00 -1.03916657e-01 3.23215053e+00 3.29568318e+00
9.52124323e+00 -1.00183280e-01 3.23496103e+00 3.29141070e+00
9.54558953e+00 -9.66442462e-02 3.23760752e+00 3.28736403e+00
9.56993583e+00 -9.33052481e-02 3.24008881e+00 3.28354908e+00
9.59428213e+00 -9.01717014e-02 3.24240380e+00 3.27997148e+00
9.61862843e+00 -8.72487290e-02 3.24455146e+00 3.27663656e+00
9.64297473e+00 -8.45411449e-02 3.24653084e+00 3.27354930e+00
9.66732103e+00 -8.20534394e-02 3.24834107e+00 3.27071436e+00
9.69166733e+00 -7.97897642e-02 3.24998132e+00 3.26813606e+00
9.71601363e+00 -7.77539192e-02 3.25145088e+00 3.26581833e+00
9.74035993e+00 -7.59493398e-02 3.25274909e+00 3.26376473e+00
9.76470623e+00 -7.43790854e-02 3.25387538e+00 3.26197844e+00
9.78905253e+00 -7.30458291e-02 3.25482924e+00 3.26046222e+00
9.81339883e+00 -7.19518487e-02 3.25561025e+00 3.25921842e+00
9.83774514e+00 -7.10990186e-02 3.25621806e+00 3.25824901e+00
9.86209144e+00 -7.04888036e-02 3.25665241e+00 3.25755548e+00
9.88643774e+00 -7.01222536e-02 3.25691309e+00 3.25713892e+00
9.91078404e+00 -7.00000000e-02 3.25700000e+00 3.25700000e+00
