Eje_X_Distancia Banda_1 Banda_2 Banda_3
0.00000000e+00 -5.80000000e-02 2.92900000e+00 2.92900000e+00
2.81126859e-02 -5.81647556e-02 2.92888474e+00 2.92917214e+00
5.62253719e-02 -5.86586777e-02 2.92853927e+00 2.92968798e+00
8.43380578e-02 -5.94807342e-02 2.92796453e+00 2.93054572e+00
1.12450744e-01 -6.06292125e-02 2.92716210e+00 2.93174241e+00
1.40563430e-01 -6.21017297e-02 2.92613418e+00 2.93327390e+00
1.68676116e-01 -6.38952481e-02 2.92488359e+00 2.93513491e+00
1.96788802e-01 -6.60060937e-02 2.92341376e+00 2.93731903e+00
2.24901488e-01 -6.84299785e-02 2.92172874e+00 2.93981877e+00
2.53014173e-01 -7.11620265e-02 2.91983319e+00 2.94262552e+00
2.81126859e-01 -7.41968028e-02 2.91773234e+00 2.94572971e+00
3.09239545e-01 -7.75283445e-02 2.91543204e+00 2.94912073e+00
3.37352231e-01 -8.11501951e-02 2.91293869e+00 2.95278703e+00
3.65464917e-01 -8.50554396e-02 2.91025926e+00 2.95671618e+00
3.93577603e-01 -8.92367420e-02 2.90740129e+00 2.96089489e+00
4.21690289e-01 -9.36863833e-02 2.90437283e+00 2.96530906e+00
4.49802975e-01 -9.83963000e-02 2.90118248e+00 2.96994384e+00
4.77915661e-01 -1.03358123e-01 2.89783933e+00 2.97478370e+00
5.06028347e-01 -1.08563217e-01 2.89435296e+00 2.97981246e+00
5.34141033e-01 -1.14002718e-01 2.89073343e+00 2.98501335e+00
5.62253719e-01 -1.19667570e-01 2.88699124e+00 2.99036909e+00
5.90366405e-01 -1.25548562e-01 2.88313735e+00 2.99586189e+00
6.18479091e-01 -1.31636361e-01 2.87918309e+00 3.00147357e+00
6.46591777e-01 -1.37921546e-01 2.87514021e+00 3.00718557e+00
6.74704463e-01 -1.44394638e-01 2.87102080e+00 3.01297901e+00
7.02817148e-01 -1.51046127e-01 2.86683730e+00 3.01883477e+00
7.30929834e-01 -1.57866501e-01 2.86260246e+00 3.02473348e+00
7.59042520e-01 -1.64846266e-01 2.85832930e+00 3.03065564e+00
7.87155206e-01 -1.71975968e-01 2.85403112e+00 3.03658161e+00
8.15267892e-01 -1.79246211e-01 2.84972142e+00 3.04249170e+00
8.43380578e-01 -1.86647673e-01 2.84541392e+00 3.04836616e+00
8.71493264e-01 -1.94171117e-01 2.84112247e+00 3.05418530e+00
8.99605950e-01 -2.01807404e-01 2.83686110e+00 3.05992943e+00
9.27718636e-01 -2.09547497e-01 2.83264388e+00 3.06557898e+00
9.55831322e-01 -2.17382467e-01 2.82848500e+00 3.07111451e+00
9.83944008e-01 -2.25303497e-01 2.82439865e+00 3.07651674e+00
1.01205669e+00 -2.33301878e-01 2.82039902e+00 3.08176656e+00
1.04016938e+00 -2.41369013e-01 2.81650026e+00 3.08684512e+00
1.06828207e+00 -2.49496406e-01 2.81271645e+00 3.09173378e+00
1.09639475e+00 -2.57675661e-01 2.80906154e+00 3.09641423e+00
1.12450744e+00 -2.65898471e-01 2.80554937e+00 3.10086842e+00
1.15262012e+00 -2.74156612e-01 2.80219355e+00 3.10507866e+00
1.18073281e+00 -2.82441927e-01 2.79900749e+00 3.10902761e+00
1.20884550e+00 -2.90746321e-01 2.79600435e+00 3.11269828e+00
1.23695818e+00 -2.99061743e-01 2.79319698e+00 3.11607409e+00
1.26507087e+00 -3.07380174e-01 2.79059791e+00 3.11913890e+00
1.29318355e+00 -3.15693614e-01 2.78821931e+00 3.12187695e+00
1.32129624e+00 -3.23994067e-01 2.78607293e+00 3.12427296e+00
1.34940893e+00 -3.32273525e-01 2.78417012e+00 3.12631212e+00
1.37752161e+00 -3.40523959e-01 2.78252174e+00 3.12798008e+00
1.40563430e+00 -3.48737296e-01 2.78113816e+00 3.12926299e+00
1.43374698e+00 -3.56905415e-01 2.78002923e+00 3.13014752e+00
1.46185967e+00 -3.65020128e-01 2.77920423e+00 3.13062084e+00
1.48997235e+00 -3.73073168e-01 2.77867186e+00 3.13067067e+00
1.51808504e+00 -3.81056181e-01 2.77844021e+00 3.13028528e+00
1.54619773e+00 -3.88960714e-01 2.77851671e+00 3.12945350e+00
1.57431041e+00 -3.96778206e-01 2.77890816e+00 3.12816472e+00
1.60242310e+00 -4.04499981e-01 2.77962063e+00 3.12640894e+00
1.63053578e+00 -4.12117240e-01 2.78065949e+00 3.12417676e+00
1.65864847e+00 -4.19621062e-01 2.78202938e+00 3.12145938e+00
1.68676116e+00 -4.27002394e-01 2.78373416e+00 3.11824868e+00
1.71487384e+00 -4.34252056e-01 2.78577690e+00 3.11453717e+00
1.74298653e+00 -4.41360739e-01 2.78815986e+00 3.11031805e+00
1.77109921e+00 -4.48319005e-01 2.79088441e+00 3.10558526e+00
1.79921190e+00 -4.55117296e-01 2.79395107e+00 3.10033350e+00
1.82732459e+00 -4.61745937e-01 2.79735938e+00 3.09455829e+00
1.85543727e+00 -4.68195145e-01 2.80110787e+00 3.08825601e+00
1.88354996e+00 -4.74455037e-01 2.80519397e+00 3.08142408e+00
1.91166264e+00 -4.80515644e-01 2.80961387e+00 3.07406100e+00
1.93977533e+00 -4.86366919e-01 2.81436232e+00 3.06616663e+00
1.96788802e+00 -4.91998758e-01 2.81943239e+00 3.05774241e+00
1.99600070e+00 -4.97401011e-01 2.82481500e+00 3.04879188e+00
2.02411339e+00 -5.02563501e-01 2.83049827e+00 3.03932126e+00
2.05222607e+00 -5.07476045e-01 2.83646643e+00 3.02934068e+00
2.08033876e+00 -5.12128471e-01 2.84269795e+00 3.01886595e+00
2.10845145e+00 -5.16510641e-01 2.84916225e+00 3.00792195e+00
2.13656413e+00 -5.20612476e-01 2.85581351e+00 2.99654879e+00
2.16467682e+00 -5.24423976e-01 2.86257831e+00 2.98481422e+00
2.19278950e+00 -5.27935245e-01 2.86932901e+00 2.97284026e+00
2.22090219e+00 -5.31136521e-01 2.87582156e+00 2.96086540e+00
2.24901488e+00 -5.34018197e-01 2.88154089e+00 2.94939927e+00
2.27712756e+00 -5.36570853e-01 2.88533739e+00 2.93958615e+00
2.30524025e+00 -5.38785279e-01 2.88502699e+00 2.93360492e+00
2.33335293e+00 -5.40652508e-01 2.87878483e+00 2.93327543e+00
2.36146562e+00 -5.42163841e-01 2.86765412e+00 2.93754968e+00
2.38957830e+00 -5.43310882e-01 2.85369012e+00 2.94436783e+00
2.41769099e+00 -5.44085561e-01 2.83809485e+00 2.95252350e+00
2.44580368e+00 -5.44480170e-01 2.82141878e+00 2.96146220e+00
2.47391636e+00 -5.44487391e-01 2.80392283e+00 2.97091927e+00
2.50202905e+00 -5.44100328e-01 2.78574368e+00 2.98075463e+00
2.53014173e+00 -5.43312536e-01 2.76696114e+00 2.99088546e+00
2.55825442e+00 -5.42118059e-01 2.74762683e+00 3.00125748e+00
2.58636711e+00 -5.40511455e-01 2.72777755e+00 3.01183172e+00
2.61447979e+00 -5.38487832e-01 2.70744185e+00 3.02257787e+00
2.64259248e+00 -5.36042882e-01 2.68664361e+00 3.03347080e+00
2.67070516e+00 -5.33172911e-01 2.66540398e+00 3.04448864e+00
2.69881785e+00 -5.29874875e-01 2.64374257e+00 3.05561159e+00
2.72693054e+00 -5.26146415e-01 2.62167818e+00 3.06682126e+00
2.75504322e+00 -5.21985889e-01 2.59922927e+00 3.07810023e+00
2.78315591e+00 -5.17392412e-01 2.57641424e+00 3.08943176e+00
2.81126859e+00 -5.12365888e-01 2.55325170e+00 3.10079962e+00
2.83938128e+00 -5.06907051e-01 2.52976056e+00 3.11218801e+00
2.86749397e+00 -5.01017498e-01 2.50596017e+00 3.12358141e+00
2.89560665e+00 -4.94699736e-01 2.48187042e+00 3.13496460e+00
2.92371934e+00 -4.87957215e-01 2.45751179e+00 3.14632259e+00
2.95183202e+00 -4.80794374e-01 2.43290539e+00 3.15764063e+00
2.97994471e+00 -4.73216683e-01 2.40807306e+00 3.16890419e+00
3.00805740e+00 -4.65230686e-01 2.38303737e+00 3.18009896e+00
3.03617008e+00 -4.56844051e-01 2.35782167e+00 3.19121084e+00
3.06428277e+00 -4.48065613e-01 2.33245016e+00 3.20222597e+00
3.09239545e+00 -4.38905429e-01 2.30694788e+00 3.21313074e+00
3.12050814e+00 -4.29374824e-01 2.28134080e+00 3.22391179e+00
3.14862083e+00 -4.19486448e-01 2.25565580e+00 3.23455601e+00
3.17673351e+00 -4.09254331e-01 2.22992080e+00 3.24505059e+00
3.20484620e+00 -3.98693937e-01 2.20416469e+00 3.25538299e+00
3.23295888e+00 -3.87822226e-01 2.17841748e+00 3.26554099e+00
3.26107157e+00 -3.76657711e-01 2.15271028e+00 3.27551270e+00
3.28918425e+00 -3.65220519e-01 2.12707534e+00 3.28528656e+00
3.31729694e+00 -3.53532454e-01 2.10154616e+00 3.29485136e+00
3.34540963e+00 -3.41617053e-01 2.07615746e+00 3.30419627e+00
3.37352231e+00 -3.29499652e-01 2.05094528e+00 3.31331083e+00
3.40163500e+00 -3.17207436e-01 2.02594699e+00 3.32218498e+00
3.42974768e+00 -3.04769498e-01 2.00120133e+00 3.33080910e+00
3.45786037e+00 -2.92216883e-01 1.97674847e+00 3.33917396e+00
3.48597306e+00 -2.79582629e-01 1.95263000e+00 3.34727082e+00
3.51408574e+00 -2.66901796e-01 1.92888898e+00 3.35509136e+00
3.54219843e+00 -2.54211482e-01 1.90556990e+00 3.36262776e+00
3.57031111e+00 -2.41550821e-01 1.88271871e+00 3.36987267e+00
3.59842380e+00 -2.28960958e-01 1.86038275e+00 3.37681927e+00
3.62653649e+00 -2.16485004e-01 1.83861069e+00 3.38346123e+00
3.65464917e+00 -2.04167951e-01 1.81745247e+00 3.38979277e+00
3.68276186e+00 -1.92056558e-01 1.79695911e+00 3.39580867e+00
3.71087454e+00 -1.80199189e-01 1.77718260e+00 3.40150424e+00
3.73898723e+00 -1.68645602e-01 1.75817564e+00 3.40687539e+00
3.76709992e+00 -1.57446690e-01 1.73999136e+00 3.41191861e+00
3.79521260e+00 -1.46654159e-01 1.72268303e+00 3.41663100e+00
3.82332529e+00 -1.36320140e-01 1.70630359e+00 3.42101027e+00
3.85143797e+00 -1.26496742e-01 1.69090526e+00 3.42505477e+00
3.87955066e+00 -1.17235541e-01 1.67653899e+00 3.42876351e+00
3.90766335e+00 -1.08587008e-01 1.66325385e+00 3.43213612e+00
3.93577603e+00 -1.00599880e-01 1.65109644e+00 3.43517294e+00
3.96388872e+00 -9.33205000e-02 1.64011017e+00 3.43787499e+00
3.99200140e+00 -8.67921198e-02 1.63033457e+00 3.44024398e+00
4.02011409e+00 -8.10542047e-02 1.62180461e+00 3.44228235e+00
4.04822678e+00 -7.61417511e-02 1.61454996e+00 3.44399327e+00
4.07633946e+00 -7.20846471e-02 1.60859436e+00 3.44538064e+00
4.10445215e+00 -6.89071016e-02 1.60395504e+00 3.44644912e+00
4.13256483e+00 -6.66271663e-02 1.60064223e+00 3.44720415e+00
4.16067752e+00 -6.52563755e-02 1.59865880e+00 3.44765195e+00
4.18879020e+00 -6.47995189e-02 1.59800000e+00 3.44779952e+00
4.18879020e+00 -6.47995189e-02 1.59800000e+00 3.44779952e+00
4.20284655e+00 -6.49134458e-02 1.59816374e+00 3.44776313e+00
4.21690289e+00 -6.52545619e-02 1.59865337e+00 3.44765469e+00
4.23095923e+00 -6.58215581e-02 1.59946614e+00 3.44747529e+00
4.24501558e+00 -6.66127159e-02 1.60059884e+00 3.44722609e+00
4.25907192e+00 -6.76259173e-02 1.60204779e+00 3.44690831e+00
4.27312826e+00 -6.88586569e-02 1.60380888e+00 3.44652320e+00
4.28718461e+00 -7.03080563e-02 1.60587757e+00 3.44607209e+00
4.30124095e+00 -7.19708798e-02 1.60824891e+00 3.44555633e+00
4.31529729e+00 -7.38435515e-02 1.61091753e+00 3.44497735e+00
4.32935363e+00 -7.59221739e-02 1.61387772e+00 3.44433663e+00
4.34340998e+00 -7.82025483e-02 1.61712337e+00 3.44363569e+00
4.35746632e+00 -8.06801945e-02 1.62064806e+00 3.44287612e+00
4.37152266e+00 -8.33503732e-02 1.62444505e+00 3.44205955e+00
4.38557901e+00 -8.62081069e-02 1.62850729e+00 3.44118768e+00
4.39963535e+00 -8.92482032e-02 1.63282748e+00 3.44026224e+00
4.41369169e+00 -9.24652760e-02 1.63739805e+00 3.43928505e+00
4.42774804e+00 -9.58537686e-02 1.64221120e+00 3.43825794e+00
4.44180438e+00 -9.94079750e-02 1.64725895e+00 3.43718284e+00
4.45586072e+00 -1.03122062e-01 1.65253312e+00 3.43606169e+00
4.46991706e+00 -1.06990090e-01 1.65802535e+00 3.43489653e+00
4.48397341e+00 -1.11006034e-01 1.66372718e+00 3.43368941e+00
4.49802975e+00 -1.15163801e-01 1.66962998e+00 3.43244245e+00
4.51208609e+00 -1.19457251e-01 1.67572505e+00 3.43115784e+00
4.52614244e+00 -1.23880216e-01 1.68200361e+00 3.42983779e+00
4.54019878e+00 -1.28426514e-01 1.68845678e+00 3.42848460e+00
4.55425512e+00 -1.33089965e-01 1.69507566e+00 3.42710058e+00
4.56831146e+00 -1.37864407e-01 1.70185132e+00 3.42568812e+00
4.58236781e+00 -1.42743712e-01 1.70877477e+00 3.42424964e+00
4.59642415e+00 -1.47721794e-01 1.71583707e+00 3.42278762e+00
4.61048049e+00 -1.52792625e-01 1.72302924e+00 3.42130460e+00
4.62453684e+00 -1.57950242e-01 1.73034235e+00 3.41980313e+00
4.63859318e+00 -1.63188759e-01 1.73776748e+00 3.41828584e+00
4.65264952e+00 -1.68502377e-01 1.74529577e+00 3.41675537e+00
4.66670587e+00 -1.73885388e-01 1.75291840e+00 3.41521444e+00
4.68076221e+00 -1.79332186e-01 1.76062660e+00 3.41366577e+00
4.69481855e+00 -1.84837269e-01 1.76841170e+00 3.41211215e+00
4.70887489e+00 -1.90395247e-01 1.77626508e+00 3.41055637e+00
4.72293124e+00 -1.96000849e-01 1.78417820e+00 3.40900130e+00
4.73698758e+00 -2.01648918e-01 1.79214262e+00 3.40744979e+00
4.75104392e+00 -2.07334426e-01 1.80015000e+00 3.40590475e+00
4.76510027e+00 -2.13052467e-01 1.80819209e+00 3.40436910e+00
4.77915661e+00 -2.18798263e-01 1.81626075e+00 3.40284578e+00
4.79321295e+00 -2.24567168e-01 1.82434796e+00 3.40133776e+00
4.80726930e+00 -2.30354662e-01 1.83244581e+00 3.39984799e+00
4.82132564e+00 -2.36156360e-01 1.84054650e+00 3.39837948e+00
4.83538198e+00 -2.41968005e-01 1.84864240e+00 3.39693520e+00
4.84943832e+00 -2.47785474e-01 1.85672595e+00 3.39551813e+00
4.86349467e+00 -2.53604772e-01 1.86478978e+00 3.39413127e+00
4.87755101e+00 -2.59422036e-01 1.87282663e+00 3.39277757e+00
4.89160735e+00 -2.65233531e-01 1.88082940e+00 3.39146000e+00
4.90566370e+00 -2.71035651e-01 1.88879112e+00 3.39018148e+00
4.91972004e+00 -2.76824915e-01 1.89670500e+00 3.38894493e+00
4.93377638e+00 -2.82597969e-01 1.90456438e+00 3.38775322e+00
4.94783273e+00 -2.88351582e-01 1.91236281e+00 3.38660917e+00
4.96188907e+00 -2.94082642e-01 1.92009395e+00 3.38551558e+00
4.97594541e+00 -2.99788161e-01 1.92775168e+00 3.38447519e+00
4.99000175e+00 -3.05465266e-01 1.93533004e+00 3.38349065e+00
5.00405810e+00 -3.11111201e-01 1.94282325e+00 3.38256459e+00
5.01811444e+00 -3.16723323e-01 1.95022573e+00 3.38169953e+00
5.03217078e+00 -3.22299100e-01 1.95753210e+00 3.38089791e+00
5.04622713e+00 -3.27836110e-01 1.96473717e+00 3.38016211e+00
5.06028347e+00 -3.33332039e-01 1.97183594e+00 3.37949437e+00
5.07433981e+00 -3.38784674e-01 1.97882366e+00 3.37889687e+00
5.08839615e+00 -3.44191910e-01 1.98569577e+00 3.37837164e+00
5.10245250e+00 -3.49551736e-01 1.99244793e+00 3.37792061e+00
5.11650884e+00 -3.54862245e-01 1.99907604e+00 3.37754557e+00
5.13056518e+00 -3.60121621e-01 2.00557622e+00 3.37724819e+00
5.14462153e+00 -3.65328143e-01 2.01194484e+00 3.37703000e+00
5.15867787e+00 -3.70480182e-01 2.01817851e+00 3.37689236e+00
5.17273421e+00 -3.75576196e-01 2.02427406e+00 3.37683650e+00
5.18679056e+00 -3.80614731e-01 2.03022860e+00 3.37686347e+00
5.20084690e+00 -3.85594418e-01 2.03603948e+00 3.37697417e+00
5.21490324e+00 -3.90513967e-01 2.04170432e+00 3.37716932e+00
5.22895958e+00 -3.95372173e-01 2.04722097e+00 3.37744947e+00
5.24301593e+00 -4.00167904e-01 2.05258756e+00 3.37781498e+00
5.25707227e+00 -4.04900108e-01 2.05780248e+00 3.37826604e+00
5.27112861e+00 -4.09567804e-01 2.06286438e+00 3.37880264e+00
5.28518496e+00 -4.14170082e-01 2.06777219e+00 3.37942459e+00
5.29924130e+00 -4.18706106e-01 2.07252507e+00 3.38013150e+00
5.31329764e+00 -4.23175102e-01 2.07712246e+00 3.38092281e+00
5.32735399e+00 -4.27576365e-01 2.08156406e+00 3.38179775e+00
5.34141033e+00 -4.31909254e-01 2.08584984e+00 3.38275536e+00
5.35546667e+00 -4.36173186e-01 2.08997999e+00 3.38379451e+00
5.36952301e+00 -4.40367643e-01 2.09395498e+00 3.38491386e+00
5.38357936e+00 -4.44492159e-01 2.09777552e+00 3.38611189e+00
5.39763570e+00 -4.48546329e-01 2.10144254e+00 3.38738692e+00
5.41169204e+00 -4.52529799e-01 2.10495723e+00 3.38873707e+00
5.42574839e+00 -4.56442268e-01 2.10832100e+00 3.39016030e+00
5.43980473e+00 -4.60283486e-01 2.11153546e+00 3.39165440e+00
5.45386107e+00 -4.64053249e-01 2.11460246e+00 3.39321700e+00
5.46791741e+00 -4.67751404e-01 2.11752403e+00 3.39484559e+00
5.48197376e+00 -4.71377838e-01 2.12030241e+00 3.39653750e+00
5.49603010e+00 -4.74932485e-01 2.12294003e+00 3.39828993e+00
5.51008644e+00 -4.78415319e-01 2.12543948e+00 3.40009993e+00
5.52414279e+00 -4.81826353e-01 2.12780351e+00 3.40196447e+00
5.53819913e+00 -4.85165638e-01 2.13003504e+00 3.40388036e+00
5.55225547e+00 -4.88433263e-01 2.13213714e+00 3.40584434e+00
5.56631182e+00 -4.91629349e-01 2.13411300e+00 3.40785305e+00
5.58036816e+00 -4.94754050e-01 2.13596593e+00 3.40990302e+00
5.59442450e+00 -4.97807554e-01 2.13769936e+00 3.41199074e+00
5.60848084e+00 -5.00790074e-01 2.13931682e+00 3.41411262e+00
5.62253719e+00 -5.03701855e-01 2.14082193e+00 3.41626499e+00
5.63659353e+00 -5.06543165e-01 2.14221837e+00 3.41844417e+00
5.65064987e+00 -5.09314298e-01 2.14350992e+00 3.42064641e+00
5.66470622e+00 -5.12015570e-01 2.14470040e+00 3.42286795e+00
5.67876256e+00 -5.14647320e-01 2.14579366e+00 3.42510501e+00
5.69281890e+00 -5.17209903e-01 2.14679363e+00 3.42735378e+00
5.70687525e+00 -5.19703696e-01 2.14770422e+00 3.42961046e+00
5.72093159e+00 -5.22129091e-01 2.14852938e+00 3.43187126e+00
5.73498793e+00 -5.24486493e-01 2.14927307e+00 3.43413239e+00
5.74904427e+00 -5.26776323e-01 2.14993925e+00 3.43639009e+00
5.76310062e+00 -5.28999014e-01 2.15053184e+00 3.43864061e+00
5.77715696e+00 -5.31155006e-01 2.15105478e+00 3.44088027e+00
5.79121330e+00 -5.33244751e-01 2.15151196e+00 3.44310539e+00
5.80526965e+00 -5.35268707e-01 2.15190725e+00 3.44531236e+00
5.81932599e+00 -5.37227339e-01 2.15224446e+00 3.44749762e+00
5.83338233e+00 -5.39121115e-01 2.15252736e+00 3.44965767e+00
5.84743868e+00 -5.40950507e-01 2.15275967e+00 3.45178907e+00
5.86149502e+00 -5.42715988e-01 2.15294504e+00 3.45388846e+00
5.87555136e+00 -5.44418031e-01 2.15308705e+00 3.45595254e+00
5.88960770e+00 -5.46057109e-01 2.15318923e+00 3.45797809e+00
5.90366405e+00 -5.47633691e-01 2.15325499e+00 3.45996198e+00
5.91772039e+00 -5.49148245e-01 2.15328769e+00 3.46190116e+00
5.93177673e+00 -5.50601231e-01 2.15329058e+00 3.46379267e+00
5.94583308e+00 -5.51993104e-01 2.15326685e+00 3.46563364e+00
5.95988942e+00 -5.53324312e-01 2.15321955e+00 3.46742131e+00
5.97394576e+00 -5.54595293e-01 2.15315165e+00 3.46915299e+00
5.98800210e+00 -5.55806478e-01 2.15306602e+00 3.47082612e+00
6.00205845e+00 -5.56958283e-01 2.15296542e+00 3.47243822e+00
6.01611479e+00 -5.58051116e-01 2.15285250e+00 3.47398693e+00
6.03017113e+00 -5.59085370e-01 2.15272978e+00 3.47546998e+00
6.04422748e+00 -5.60061424e-01 2.15259969e+00 3.47688524e+00
6.05828382e+00 -5.60979643e-01 2.15246452e+00 3.47823065e+00
6.07234016e+00 -5.61840376e-01 2.15232645e+00 3.47950428e+00
6.08639651e+00 -5.62643954e-01 2.15218755e+00 3.48070432e+00
6.10045285e+00 -5.63390692e-01 2.15204973e+00 3.48182906e+00
6.11450919e+00 -5.64080888e-01 2.15191480e+00 3.48287690e+00
6.12856553e+00 -5.64714817e-01 2.15178445e+00 3.48384638e+00
6.14262188e+00 -5.65292738e-01 2.15166021e+00 3.48473613e+00
6.15667822e+00 -5.65814887e-01 2.15154350e+00 3.48554490e+00
6.17073456e+00 -5.66281483e-01 2.15143561e+00 3.48627158e+00
6.18479091e+00 -5.66692719e-01 2.15133769e+00 3.48691514e+00
6.19884725e+00 -5.67048770e-01 2.15125076e+00 3.48747471e+00
6.21290359e+00 -5.67349785e-01 2.15117570e+00 3.48794949e+00
6.22695994e+00 -5.67595894e-01 2.15111327e+00 3.48833885e+00
6.24101628e+00 -5.67787203e-01 2.15106407e+00 3.48864224e+00
6.25507262e+00 -5.67923793e-01 2.15102859e+00 3.48885925e+00
6.26912896e+00 -5.68005723e-01 2.15100716e+00 3.48898957e+00
6.28318531e+00 -5.68033029e-01 2.15100000e+00 3.48903303e+00
6.28318531e+00 -5.68033029e-01 2.15100000e+00 3.48903303e+00
6.30753161e+00 -5.68025598e-01 2.15108646e+00 3.48902004e+00
6.33187791e+00 -5.68003251e-01 2.15134581e+00 3.48898103e+00
6.35622421e+00 -5.67965833e-01 2.15177794e+00 3.48891584e+00
6.38057051e+00 -5.67913082e-01 2.15238264e+00 3.48882422e+00
6.40491681e+00 -5.67844635e-01 2.15315966e+00 3.48870584e+00
6.42926311e+00 -5.67760025e-01 2.15410864e+00 3.48856024e+00
6.45360941e+00 -5.67658685e-01 2.15522916e+00 3.48838689e+00
6.47795571e+00 -5.67539944e-01 2.15652073e+00 3.48818514e+00
6.50230201e+00 -5.67403037e-01 2.15798278e+00 3.48795427e+00
6.52664831e+00 -5.67247097e-01 2.15961464e+00 3.48769346e+00
6.55099461e+00 -5.67071165e-01 2.16141561e+00 3.48740178e+00
6.57534091e+00 -5.66874187e-01 2.16338486e+00 3.48707824e+00
6.59968721e+00 -5.66655019e-01 2.16552154e+00 3.48672176e+00
6.62403351e+00 -5.66412427e-01 2.16782469e+00 3.48633115e+00
6.64837981e+00 -5.66145093e-01 2.17029329e+00 3.48590516e+00
6.67272611e+00 -5.65851614e-01 2.17292624e+00 3.48544247e+00
6.69707241e+00 -5.65530508e-01 2.17572236e+00 3.48494167e+00
6.72141871e+00 -5.65180216e-01 2.17868042e+00 3.48440127e+00
6.74576501e+00 -5.64799105e-01 2.18179910e+00 3.48381973e+00
6.77011131e+00 -5.64385473e-01 2.18507702e+00 3.48319543e+00
6.79445761e+00 -5.63937551e-01 2.18851272e+00 3.48252671e+00
6.81880391e+00 -5.63453506e-01 2.19210466e+00 3.48181182e+00
6.84315021e+00 -5.62931450e-01 2.19585126e+00 3.48104898e+00
6.86749651e+00 -5.62369437e-01 2.19975085e+00 3.48023635e+00
6.89184281e+00 -5.61765471e-01 2.20380169e+00 3.47937205e+00
6.91618911e+00 -5.61117511e-01 2.20800198e+00 3.47845414e+00
6.94053541e+00 -5.60423473e-01 2.21234986e+00 3.47748068e+00
6.96488171e+00 -5.59681238e-01 2.21684340e+00 3.47644966e+00
6.98922801e+00 -5.58888650e-01 2.22148059e+00 3.47535905e+00
7.01357431e+00 -5.58043527e-01 2.22625937e+00 3.47420681e+00
7.03792061e+00 -5.57143664e-01 2.23117763e+00 3.47299086e+00
7.06226691e+00 -5.56186837e-01 2.23623317e+00 3.47170913e+00
7.08661321e+00 -5.55170805e-01 2.24142374e+00 3.47035951e+00
7.11095951e+00 -5.54093321e-01 2.24674705e+00 3.46893991e+00
7.13530581e+00 -5.52952132e-01 2.25220072e+00 3.46744823e+00
7.15965211e+00 -5.51744986e-01 2.25778233e+00 3.46588237e+00
7.18399841e+00 -5.50469634e-01 2.26348939e+00 3.46424024e+00
7.20834471e+00 -5.49123840e-01 2.26931937e+00 3.46251977e+00
7.23269101e+00 -5.47705382e-01 2.27526969e+00 3.46071890e+00
7.25703731e+00 -5.46212057e-01 2.28133768e+00 3.45883560e+00
7.28138362e+00 -5.44641687e-01 2.28752066e+00 3.45686787e+00
7.30572992e+00 -5.42992125e-01 2.29381588e+00 3.45481373e+00
7.33007622e+00 -5.41261256e-01 2.30022054e+00 3.45267125e+00
7.35442252e+00 -5.39447006e-01 2.30673179e+00 3.45043854e+00
7.37876882e+00 -5.37547345e-01 2.31334673e+00 3.44811375e+00
7.40311512e+00 -5.35560291e-01 2.32006244e+00 3.44569510e+00
7.42746142e+00 -5.33483916e-01 2.32687591e+00 3.44318084e+00
7.45180772e+00 -5.31316350e-01 2.33378413e+00 3.44056930e+00
7.47615402e+00 -5.29055786e-01 2.34078401e+00 3.43785887e+00
7.50050032e+00 -5.26700484e-01 2.34787246e+00 3.43504801e+00
7.52484662e+00 -5.24248775e-01 2.35504632e+00 3.43213526e+00
7.54919292e+00 -5.21699069e-01 2.36230239e+00 3.42911922e+00
7.57353922e+00 -5.19049852e-01 2.36963746e+00 3.42599860e+00
7.59788552e+00 -5.16299700e-01 2.37704826e+00 3.42277218e+00
7.62223182e+00 -5.13447274e-01 2.38453150e+00 3.41943882e+00
7.64657812e+00 -5.10491330e-01 2.39208385e+00 3.41599751e+00
7.67092442e+00 -5.07430721e-01 2.39970196e+00 3.41244730e+00
7.69527072e+00 -5.04264402e-01 2.40738244e+00 3.40878738e+00
7.71961702e+00 -5.00991433e-01 2.41512186e+00 3.40501702e+00
7.74396332e+00 -4.97610981e-01 2.42291681e+00 3.40113561e+00
7.76830962e+00 -4.94122328e-01 2.43076380e+00 3.39714265e+00
7.79265592e+00 -4.90524872e-01 2.43865935e+00 3.39303777e+00
7.81700222e+00 -4.86818131e-01 2.44659995e+00 3.38882071e+00
7.84134852e+00 -4.83001745e-01 2.45458207e+00 3.38449133e+00
7.86569482e+00 -4.79075482e-01 2.46260216e+00 3.38004964e+00
7.89004112e+00 -4.75039240e-01 2.47065666e+00 3.37549575e+00
7.91438742e+00 -4.70893051e-01 2.47874198e+00 3.37082994e+00
7.93873372e+00 -4.66637080e-01 2.48685454e+00 3.36605260e+00
7.96308002e+00 -4.62271635e-01 2.49499072e+00 3.36116426e+00
7.98742632e+00 -4.57797164e-01 2.50314691e+00 3.35616561e+00
8.01177262e+00 -4.53214260e-01 2.51131948e+00 3.35105748e+00
8.03611892e+00 -4.48523664e-01 2.51950480e+00 3.34584084e+00
8.06046522e+00 -4.43726267e-01 2.52769924e+00 3.34051680e+00
8.08481152e+00 -4.38823112e-01 2.53589914e+00 3.33508666e+00
8.10915782e+00 -4.33815395e-01 2.54410086e+00 3.32955184e+00
8.13350412e+00 -4.28704472e-01 2.55230076e+00 3.32391393e+00
8.15785042e+00 -4.23491856e-01 2.56049520e+00 3.31817468e+00
8.18219672e+00 -4.18179220e-01 2.56868052e+00 3.31233600e+00
8.20654302e+00 -4.12768402e-01 2.57685309e+00 3.30639995e+00
8.23088932e+00 -4.07261401e-01 2.58500928e+00 3.30036877e+00
8.25523562e+00 -4.01660384e-01 2.59314546e+00 3.29424487e+00
8.27958192e+00 -3.95967683e-01 2.60125802e+00 3.28803079e+00
8.30392822e+00 -3.90185799e-01 2.60934334e+00 3.28172929e+00
8.32827452e+00 -3.84317403e-01 2.61739784e+00 3.27534325e+00
8.35262082e+00 -3.78365334e-01 2.62541793e+00 3.26887575e+00
8.37696712e+00 -3.72332603e-01 2.63340005e+00 3.26233003e+00
8.40131342e+00 -3.66222391e-01 2.64134065e+00 3.25570950e+00
8.42565972e+00 -3.60038050e-01 2.64923620e+00 3.24901773e+00
8.45000602e+00 -3.53783104e-01 2.65708319e+00 3.24225848e+00
8.47435232e+00 -3.47461249e-01 2.66487814e+00 3.23543566e+00
8.49869862e+00 -3.41076350e-01 2.67261756e+00 3.22855337e+00
8.52304492e+00 -3.34632442e-01 2.68029804e+00 3.22161586e+00
8.54739122e+00 -3.28133731e-01 2.68791615e+00 3.21462755e+00
8.57173753e+00 -3.21584589e-01 2.69546850e+00 3.20759304e+00
8.59608383e+00 -3.14989557e-01 2.70295174e+00 3.20051708e+00
8.62043013e+00 -3.08353338e-01 2.71036254e+00 3.19340459e+00
8.64477643e+00 -3.01680800e-01 2.71769761e+00 3.18626065e+00
8.66912273e+00 -2.94976971e-01 2.72495368e+00 3.17909049e+00
8.69346903e+00 -2.88247036e-01 2.73212754e+00 3.17189951e+00
8.71781533e+00 -2.81496337e-01 2.73921599e+00 3.16469325e+00
8.74216163e+00 -2.74730365e-01 2.74621587e+00 3.15747742e+00
8.76650793e+00 -2.67954759e-01 2.75312409e+00 3.15025784e+00
8.79085423e+00 -2.61175303e-01 2.75993756e+00 3.14304050e+00
8.81520053e+00 -2.54397919e-01 2.76665327e+00 3.13583151e+00
8.83954683e+00 -2.47628661e-01 2.77326821e+00 3.12863713e+00
8.86389313e+00 -2.40873713e-01 2.77977946e+00 3.12146372e+00
8.88823943e+00 -2.34139383e-01 2.78618412e+00 3.11431778e+00
8.91258573e+00 -2.27432090e-01 2.79247934e+00 3.10720591e+00
8.93693203e+00 -2.20758367e-01 2.79866232e+00 3.10013482e+00
8.96127833e+00 -2.14124844e-01 2.80473031e+00 3.09311133e+00
8.98562463e+00 -2.07538248e-01 2.81068063e+00 3.08614232e+00
9.00997093e+00 -2.01005387e-01 2.81651061e+00 3.07923478e+00
9.03431723e+00 -1.94533148e-01 2.82221767e+00 3.07239577e+00
9.05866353e+00 -1.88128482e-01 2.82779928e+00 3.06563238e+00
9.08300983e+00 -1.81798397e-01 2.83325295e+00 3.05895181e+00
9.10735613e+00 -1.75549946e-01 2.83857626e+00 3.05236124e+00
9.13170243e+00 -1.69390214e-01 2.84376683e+00 3.04586792e+00
9.15604873e+00 -1.63326309e-01 2.84882237e+00 3.03947911e+00
9.18039503e+00 -1.57365350e-01 2.85374063e+00 3.03320207e+00
9.20474133e+00 -1.51514449e-01 2.85851941e+00 3.02704405e+00
9.22908763e+00 -1.45780704e-01 2.86315660e+00 3.02101228e+00
9.25343393e+00 -1.40171179e-01 2.86765014e+00 3.01511397e+00
9.27778023e+00 -1.34692897e-01 2.87199802e+00 3.00935626e+00
9.30212653e+00 -1.29352815e-01 2.87619831e+00 3.00374624e+00
9.32647283e+00 -1.24157818e-01 2.88024915e+00 2.99829091e+00
9.35081913e+00 -1.19114699e-01 2.88414874e+00 2.99299717e+00
9.37516543e+00 -1.14230143e-01 2.88789534e+00 2.98787183e+00
9.39951173e+00 -1.09510711e-01 2.89148728e+00 2.98292155e+00
9.42385803e+00 -1.04962827e-01 2.89492298e+00 2.97815287e+00
9.44820433e+00 -1.00592756e-01 2.89820090e+00 2.97357213e+00
9.47255063e+00 -9.64065904e-02 2.90131958e+00 2.96918554e+00
9.49689693e+00 -9.24102331e-02 2.90427764e+00 2.96499907e+00
9.52124323e+00 -8.86093816e-02 2.90707376e+00 2.96101852e+00
9.54558953e+00 -8.50095108e-02 2.90970671e+00 2.95724944e+00
9.56993583e+00 -8.16158572e-02 2.91217531e+00 2.95369714e+00
9.59428213e+00 -7.84334036e-02 2.91447846e+00 2.95036666e+00
9.61862843e+00 -7.54668635e-02 2.91661514e+00 2.94726281e+00
9.64297473e+00 -7.27206667e-02 2.91858439e+00 2.94439005e+00
9.66732103e+00 -7.01989450e-02 2.92038536e+00 2.94175259e+00
9.69166733e+00 -6.79055192e-02 2.92201722e+00 2.93935428e+00
9.71601363e+00 -6.58438864e-02 2.92347927e+00 2.93719869e+00
9.74035993e+00 -6.40172085e-02 2.92477084e+00 2.93528901e+00
9.76470623e+00 -6.24283015e-02 2.92589136e+00 2.93362809e+00
9.78905253e+00 -6.10796261e-02 2.92684034e+00 2.93221842e+00
9.81339883e+00 -5.99732789e-02 2.92761736e+00 2.93106214e+00
9.83774514e+00 -5.91109855e-02 2.92822206e+00 2.93016098e+00
9.86209144e+00 -5.84940944e-02 2.92865419e+00 2.92951632e+00
9.88643774e+00 -5.81235721e-02 2.92891354e+00 2.92912913e+00
9.91078404e+00 -5.80000000e-02 2.92900000e+00 2.92900000e+00
