3.463369999999999749e+01	-5.919999999999999915e-03
3.467309000000000196e+01	-5.919999999999999915e-03
3.471247999999999934e+01	-5.919999999999999915e-03
3.475186999999999671e+01	-5.919999999999999915e-03
3.479126000000000118e+01	-5.919999999999999915e-03
3.483064999999999856e+01	-5.919999999999999915e-03
3.487004000000000303e+01	-5.919999999999999915e-03
3.490943999999999647e+01	-5.919999999999999915e-03
3.494883000000000095e+01	-5.919999999999999915e-03
3.498821999999999832e+01	-5.919999999999999915e-03
3.502761000000000280e+01	-5.919999999999999915e-03
3.506700000000000017e+01	-5.919999999999999915e-03
3.510638999999999754e+01	-5.919999999999999915e-03
3.514578000000000202e+01	-5.919999999999999915e-03
3.518516999999999939e+01	-5.919999999999999915e-03
3.522455999999999676e+01	-5.919999999999999915e-03
3.526395000000000124e+01	-5.919999999999999915e-03
3.530333999999999861e+01	-5.919999999999999915e-03
3.534273000000000309e+01	-5.919999999999999915e-03
3.538212999999999653e+01	-5.919999999999999915e-03
3.542152000000000100e+01	-5.919999999999999915e-03
3.546090999999999838e+01	-5.919999999999999915e-03
3.550030000000000285e+01	-5.919999999999999915e-03
3.553969000000000023e+01	-5.919999999999999915e-03
3.557907999999999760e+01	-5.919999999999999915e-03
3.561847000000000207e+01	-5.919999999999999915e-03
3.565785999999999945e+01	-5.919999999999999915e-03
3.569724999999999682e+01	-5.919999999999999915e-03
3.573664000000000129e+01	-5.919999999999999915e-03
3.577602999999999867e+01	-5.919999999999999915e-03
3.581542000000000314e+01	-5.919999999999999915e-03
3.585481999999999658e+01	-5.919999999999999915e-03
3.589421000000000106e+01	-5.919999999999999915e-03
3.593359999999999843e+01	-5.919999999999999915e-03
3.597299000000000291e+01	-5.919999999999999915e-03
3.601238000000000028e+01	-5.919999999999999915e-03
3.605176999999999765e+01	-5.919999999999999915e-03
3.609116000000000213e+01	-5.910000000000000323e-03
3.613054999999999950e+01	-5.910000000000000323e-03
3.616993999999999687e+01	-5.910000000000000323e-03
3.620933000000000135e+01	-5.910000000000000323e-03
3.624871999999999872e+01	-5.910000000000000323e-03
3.628811999999999927e+01	-5.910000000000000323e-03
3.632750999999999664e+01	-5.910000000000000323e-03
3.636690000000000111e+01	-5.899999999999999863e-03
3.640628999999999849e+01	-5.899999999999999863e-03
3.644568000000000296e+01	-5.899999999999999863e-03
3.648507000000000033e+01	-5.890000000000000270e-03
3.652445999999999771e+01	-5.879999999999999810e-03
3.656385000000000218e+01	-5.870000000000000218e-03
3.660323999999999955e+01	-5.859999999999999758e-03
3.664262999999999693e+01	-5.839999999999999705e-03
3.668202000000000140e+01	-5.819999999999999653e-03
3.672140999999999877e+01	-5.799999999999999600e-03
3.676080999999999932e+01	-5.760000000000000363e-03
3.680019999999999669e+01	-5.720000000000000258e-03
3.683959000000000117e+01	-5.669999999999999693e-03
3.687897999999999854e+01	-5.610000000000000403e-03
3.691837000000000302e+01	-5.530000000000000193e-03
3.695776000000000039e+01	-5.440000000000000391e-03
3.699714999999999776e+01	-5.320000000000000076e-03
3.703654000000000224e+01	-5.179999999999999709e-03
3.707592999999999961e+01	-5.000000000000000104e-03
3.711531999999999698e+01	-4.780000000000000394e-03
3.715471000000000146e+01	-4.519999999999999712e-03
3.719409999999999883e+01	-4.199999999999999740e-03
3.723349999999999937e+01	-3.810000000000000019e-03
3.727288999999999675e+01	-3.350000000000000113e-03
3.731228000000000122e+01	-2.789999999999999945e-03
3.735166999999999859e+01	-2.119999999999999923e-03
3.739106000000000307e+01	-1.319999999999999993e-03
3.743045000000000044e+01	-3.629999999999999872e-04
3.746983999999999781e+01	7.699999999999999597e-04
3.750923000000000229e+01	2.109999999999999896e-03
3.754861999999999966e+01	3.690000000000000138e-03
3.758800999999999704e+01	5.550000000000000246e-03
3.762740000000000151e+01	7.740000000000000352e-03
3.766678999999999888e+01	1.027999999999999921e-02
3.770618999999999943e+01	1.325999999999999922e-02
3.774557999999999680e+01	1.670999999999999916e-02
3.778497000000000128e+01	2.069999999999999965e-02
3.782435999999999865e+01	2.530999999999999917e-02
3.786375000000000313e+01	3.060999999999999832e-02
3.790314000000000050e+01	3.669000000000000039e-02
3.794252999999999787e+01	4.363999999999999824e-02
3.798192000000000235e+01	5.154999999999999860e-02
3.802130999999999972e+01	6.053999999999999659e-02
3.806069999999999709e+01	7.070999999999999508e-02
3.810009000000000157e+01	8.218999999999999917e-02
3.813947999999999894e+01	9.508999999999999397e-02
3.817887999999999948e+01	1.095499999999999946e-01
3.821826999999999686e+01	1.256899999999999962e-01
3.825766000000000133e+01	1.436600000000000099e-01
3.829704999999999870e+01	1.635999999999999954e-01
3.833644000000000318e+01	1.856399999999999995e-01
3.837583000000000055e+01	2.099199999999999955e-01
3.841521999999999792e+01	2.365800000000000125e-01
3.845461000000000240e+01	2.657499999999999862e-01
3.849399999999999977e+01	2.975599999999999912e-01
3.853338999999999714e+01	3.321100000000000163e-01
3.857278000000000162e+01	3.695100000000000051e-01
3.861218000000000217e+01	4.098499999999999921e-01
3.865156999999999954e+01	4.531899999999999817e-01
3.869095999999999691e+01	4.995999999999999885e-01
3.873035000000000139e+01	5.491000000000000325e-01
3.876973999999999876e+01	6.016799999999999926e-01
3.880913000000000324e+01	6.573400000000000354e-01
3.884852000000000061e+01	7.160100000000000353e-01
3.888790999999999798e+01	7.775999999999999579e-01
3.892730000000000246e+01	8.420100000000000362e-01
3.896668999999999983e+01	9.090599999999999792e-01
3.900607999999999720e+01	9.785800000000000054e-01
3.904547000000000168e+01	1.050329999999999986e+00
3.908487000000000222e+01	1.124049999999999994e+00
3.912425999999999959e+01	1.199429999999999996e+00
3.916364999999999696e+01	1.276140000000000052e+00
3.920304000000000144e+01	1.353809999999999958e+00
3.924242999999999881e+01	1.432029999999999914e+00
3.928182000000000329e+01	1.510369999999999990e+00
3.932121000000000066e+01	1.588379999999999903e+00
3.936059999999999803e+01	1.665569999999999995e+00
3.939999000000000251e+01	1.741460000000000008e+00
3.943937999999999988e+01	1.815539999999999932e+00
3.947876999999999725e+01	1.887289999999999912e+00
3.951816000000000173e+01	1.956210000000000004e+00
3.955756000000000228e+01	2.021770000000000067e+00
3.959694999999999965e+01	2.083499999999999908e+00
3.963633999999999702e+01	2.140909999999999869e+00
3.967573000000000150e+01	2.193550000000000111e+00
3.971511999999999887e+01	2.240990000000000038e+00
3.975451000000000334e+01	2.282840000000000202e+00
3.979390000000000072e+01	2.318770000000000220e+00
3.983328999999999809e+01	2.348460000000000214e+00
3.987268000000000256e+01	2.371659999999999879e+00
3.991206999999999994e+01	2.388189999999999813e+00
3.995145999999999731e+01	2.397889999999999855e+00
3.999085000000000178e+01	2.400679999999999925e+00
4.003025000000000233e+01	2.396539999999999893e+00
4.006963999999999970e+01	2.385499999999999954e+00
4.010902999999999707e+01	2.367659999999999876e+00
4.014842000000000155e+01	2.343170000000000197e+00
4.018780999999999892e+01	2.312240000000000073e+00
4.022720000000000340e+01	2.275139999999999940e+00
4.026659000000000077e+01	2.232159999999999922e+00
4.030597999999999814e+01	2.183679999999999843e+00
4.034537000000000262e+01	2.130079999999999973e+00
4.038475999999999999e+01	2.071790000000000020e+00
4.042414999999999736e+01	2.009279999999999955e+00
4.046354000000000184e+01	1.943019999999999969e+00
4.050294000000000239e+01	1.873510000000000009e+00
4.054232999999999976e+01	1.801269999999999927e+00
4.058171999999999713e+01	1.726799999999999891e+00
4.062111000000000161e+01	1.650609999999999911e+00
4.066049999999999898e+01	1.573220000000000063e+00
4.069989000000000345e+01	1.495109999999999939e+00
4.073928000000000083e+01	1.416760000000000019e+00
4.077866999999999820e+01	1.338610000000000078e+00
4.081806000000000267e+01	1.261100000000000110e+00
4.085745000000000005e+01	1.184620000000000006e+00
4.089684082278481014e+01	1.109543587883223159e+00
4.093623164556962024e+01	1.036187188602934350e+00
4.097562246835443034e+01	9.648524210882805097e-01
4.101501329113924044e+01	8.957975315708698316e-01
4.105440411392405053e+01	8.292437655398730012e-01
4.109379493670886063e+01	7.653755432153157567e-01
4.113318575949367073e+01	7.043411323090840170e-01
4.117257658227848083e+01	6.462537702535046114e-01
4.121196740506329093e+01	5.911931829709248243e-01
4.125135822784810102e+01	5.392074437096915362e-01
4.129074905063291112e+01	4.903151134493131669e-01
4.133013987341772122e+01	4.445076038080709724e-01
4.136953069620253132e+01	4.017517041634418029e-01
4.140892151898734141e+01	3.619922166850319534e-01
4.144831234177215151e+01	3.251546460252722759e-01
4.148770316455696161e+01	2.911478943439639311e-01
4.152709398734177171e+01	2.598669169794691203e-01
4.156648481012658181e+01	2.311952992402292462e-01
4.160587563291139190e+01	2.050077202970635726e-01
4.164526645569620200e+01	1.811722758394468391e-01
4.168465727848101210e+01	1.595526368604091028e-01
4.172404810126582220e+01	1.400100275135877370e-01
4.176343892405063229e+01	1.224050103195464950e-01
4.180282974683544239e+01	1.065990719842060119e-01
4.184222056962025249e+01	9.245600764848499464e-02
4.188161139240506259e+01	7.984310545445368057e-02
4.192100221518987269e+01	6.863213684918124946e-02
4.196039303797468278e+01	5.870016103191308399e-02
4.199978386075949288e+01	4.993015437951600632e-02
4.203917468354430298e+01	4.221147757095230352e-02
4.207856550632911308e+01	3.544019449861877946e-02
4.211795632911392318e+01	2.951925793811433982e-02
4.215734715189873327e+01	2.435857739198695956e-02
4.219673797468354337e+01	1.987498457671039997e-02
4.223612879746835347e+01	1.599211173857184240e-02
4.227551962025316357e+01	1.264019741788697734e-02
4.231491044303797366e+01	9.755833486275379551e-03
4.235430126582278376e+01	7.281666311086864608e-03
4.239369208860759386e+01	5.166063803844136472e-03
4.243308291139240396e+01	3.362758931058115568e-03
4.247247373417721406e+01	1.830479046525091379e-03
4.251186455696202415e+01	5.325691795519393867e-04
4.255125537974683425e+01	-5.633837866142127684e-04
4.259064620253164435e+01	-1.485920263076295073e-03
4.263003702531645445e+01	-2.260065730234774462e-03
4.266942784810126454e+01	-2.907673439894320564e-03
4.270881867088607464e+01	-3.447749253431229080e-03
4.274820949367088474e+01	-3.896756635501109119e-03
4.278760031645569484e+01	-4.268900533395629700e-03
4.282699113924050494e+01	-4.576389483690296300e-03
4.286638196202531503e+01	-4.829675803547341800e-03
4.290577278481012513e+01	-5.037674149140157487e-03
4.294516360759493523e+01	-5.207959064753053466e-03
4.298455443037974533e+01	-5.346942410754772571e-03
4.302394525316455542e+01	-5.460031754991243741e-03
4.306333607594936552e+01	-5.551770948570114092e-03
4.310272689873417562e+01	-5.625964191845972059e-03
4.314211772151898572e+01	-5.685784937713111303e-03
4.318150854430379582e+01	-5.733870984673888720e-03
4.322089936708860591e+01	-5.772407088598808210e-03
4.326029018987341601e+01	-5.803196375991677078e-03
4.329968101265822611e+01	-5.827721778573586794e-03
4.333907183544303621e+01	-5.847198634033362770e-03
4.337846265822784630e+01	-5.862619515076281443e-03
4.341785348101265640e+01	-5.874792261970188806e-03
4.345724430379746650e+01	-5.884372105532110521e-03
4.349663512658227660e+01	-5.891888680228162499e-03
4.353602594936708670e+01	-5.897768642560132120e-03
4.357541677215189679e+01	-5.902354529508826823e-03
4.361480759493670689e+01	-5.905920416426250520e-03
4.365419841772151699e+01	-5.908684864010608703e-03
4.369358924050632709e+01	-5.910821580178800966e-03
4.373298006329113718e+01	-5.912468164866507316e-03
4.377237088607594728e+01	-5.913733253958012616e-03
4.381176170886075738e+01	-5.914702332466091964e-03
4.385115253164556748e+01	-5.915442446440739334e-03
4.389054335443037758e+01	-5.916006007513835603e-03
4.392993417721518767e+01	-5.916433853075307898e-03
4.396932499999999777e+01	-5.916757698397097885e-03
4.400871582278480787e+01	-5.917002094144046924e-03
4.404810664556961797e+01	-5.917185983215680033e-03
4.408749746835442807e+01	-5.917323934349088058e-03
4.412688829113923816e+01	-5.917427116005347099e-03
4.416627911392404826e+01	-5.917504062414213201e-03
4.420566993670885836e+01	-5.917561273949770856e-03
4.424506075949366846e+01	-5.917603685970770216e-03
4.428445158227847855e+01	-5.917635033632605464e-03
4.432384240506328865e+01	-5.917658134742613887e-03
4.436323322784809875e+01	-5.917675108294099227e-03
4.440262405063290885e+01	-5.917687542711032832e-03
4.444201487341771895e+01	-5.917696624922128869e-03
4.448140569620252904e+01	-5.917703239038597796e-03
4.452079651898733914e+01	-5.917708041531864575e-03
4.456018734177214924e+01	-5.917711518309826460e-03
4.459957816455695934e+01	-5.917714027901024507e-03
4.463896898734176943e+01	-5.917715834016020783e-03
4.467835981012657953e+01	-5.917717130015256663e-03
4.471775063291138963e+01	-5.917718057232609040e-03
4.475714145569619973e+01	-5.917718718651094126e-03
4.479653227848100983e+01	-5.917719189075212188e-03
4.483592310126581992e+01	-5.917719522671949228e-03
4.487531392405063002e+01	-5.917719758542352299e-03
4.491470474683544012e+01	-5.917719924824264149e-03
4.495409556962025022e+01	-5.917720041703383380e-03
4.499348639240506031e+01	-5.917720123615783853e-03
4.503287721518987041e+01	-5.917720180853674496e-03
